1 0.115898609375 0.2837033265625 0.135728359375 0.3409513234375 0.195005178125 0.32789444843750004 0.171358825 0.2325121765625 0.169821978125 0.19253766562500002 0.037109375 0.1875 0.0308218 0.238682746875 0.07039213125 0.24450850468750002 0.0693833828125 0.285554409375 0.115898609375 0.2837033265625
1 0.48124265624999996 0.3243244875 0.5351073734375 0.349056125 0.5394142859375 0.2455768578125 0.55627250625 0.24106615781250001 0.5527601234375 0.20263099687500002 0.47829437343750003 0.1825363640625 0.4098538171875 0.2022703890625 0.4557592875 0.23218965468750002 0.45509255 0.26617085937499996 0.476358175 0.2696857453125 0.48124265624999996 0.3243244875
1 0.5888261796875 0.234226465625 0.6482486734374999 0.2320120328125 0.6491765984375 0.264008521875 0.6961394546874999 0.27337884843750004 0.6925468453125 0.3410977125 0.7601569890625 0.335042834375 0.7576528796875001 0.18640995 0.595703125 0.1875 0.5962065453125 0.19465738593749998 0.5939008 0.1872904890625 0.5888261796875 0.234226465625
1 0.8155932421875001 0.2844110125 0.8351502421875001 0.31465756875 0.8696286671875001 0.2799630171875 0.9204330453124999 0.2564358703125 0.9618535046875 0.2920063140625 0.989001275 0.2554274203125 0.849609375 0.1875 0.8297097687500001 0.22103619531250002 0.8383426671875001 0.24000620781249998 0.8155932421875001 0.2844110125
1 0.0996941328125 0.5103570828125 0.131011725 0.49170589531250003 0.1950969703125 0.49369067031249997 0.2010101078125 0.4681178328125 0.08012855156250001 0.45630210625 0.01953125 0.498046875 0.047983407812500004 0.527844428125 0.06671440625 0.49608278281249996 0.0996941328125 0.5103570828125
1 0.3377653359375 0.529104709375 0.33706760468749997 0.5024001 0.384597540625 0.4931197171875 0.3811633578125 0.45330083437499996 0.230899571875 0.48845017031250004 0.2343962203125 0.5356435765625001 0.234375 0.62109375 0.2953312390625 0.6129310125 0.30619788125 0.5435132984375 0.3377653359375 0.529104709375
1 0.4448109859375 0.53036594375 0.476573825 0.5383620265625 0.4787267453125 0.5932409765625 0.532103778125 0.6204578875 0.5484621515625 0.479918896875 0.42578125 0.447265625 0.413008928125 0.48151683749999996 0.4482147703125 0.49413997031249995 0.4448109859375 0.53036594375
1 0.842079878125 0.6021839390625 0.8870835296875 0.61290335625 0.8843204968749999 0.573397159375 0.9250698093749999 0.5765039921875 0.930499553125 0.5471097234375 0.9784765249999999 0.5357480046875 0.9744763375 0.49196392343750006 0.8133609296875 0.5025861859375 0.8066747187500001 0.533351540625 0.8322227 0.5353417390625 0.842079878125 0.6021839390625
1 0.22600114375000002 0.8642772437499999 0.28262460312500004 0.8575339312500001 0.2888562671875 0.8397355078125001 0.1953125 0.833984375 0.190701484375 0.8937993046875 0.21731793906250002 0.8964281078124999 0.22600114375000002 0.8642772437499999
1 0.23868250937500002 0.788196325 0.23868250937500002 0.82050395 0.2842864984375 0.82050395 0.2681198125 0.7473788265625 0.203125 0.724609375 0.1987903109375 0.7690963749999999 0.21685361875 0.7817562828125 0.23868250937500002 0.788196325
1 0.48854899375 0.823525071875 0.4954707625 0.8051338187500001 0.5746188171875 0.804629803125 0.5752078296875001 0.7711541656249999 0.4154996875 0.7509217265625 0.39243173593749997 0.7683402312500001 0.4137817609375 0.7999544140625 0.392578125 0.837890625 0.43830800156249994 0.8580648890625 0.45998811718750005 0.823525071875 0.48854899375 0.823525071875