1 0.07305745 0.2426438359375 0.0691264515625 0.28404600625 0.11679091562499999 0.285499484375 0.132401109375 0.3425374859375 0.1431306625 0.34328776875 0.1901568140625 0.33643820625 0.19141717656249999 0.3184141640625 0.1770824140625 0.237737178125 0.17833638125 0.19723568125 0.04307399375 0.182662084375 0.0330323578125 0.2339296703125 0.07305745 0.2426438359375
1 0.4530711796875 0.23545346562499997 0.45539492031249995 0.26976725468749996 0.47717589218749995 0.2714319828125 0.48692631249999996 0.32607932968750003 0.5376699234375 0.344175684375 0.5433748203125 0.3436765703125 0.5387146796875 0.24155894843749998 0.5531510578125001 0.2363168484375 0.5509584281250001 0.21125498281250002 0.5484018578125001 0.1970883109375 0.4714447953125 0.183409653125 0.4040837296875 0.209348215625 0.4530711796875 0.23545346562499997
1 0.759375 0.338316965625 0.759375 0.234951703125 0.75851064375 0.1854327546875 0.587638234375 0.18841534375 0.588413940625 0.2328555453125 0.643572671875 0.22983428749999998 0.6451588328125 0.26397021875000004 0.6954385890625 0.2730975640625 0.6930387109375 0.340625 0.70856145625 0.340625 0.74354386875 0.34001437968750003 0.759375 0.338316965625
1 0.81350216875 0.2505707421875 0.806533540625 0.2864212234375 0.81134830625 0.2983422671875 0.8203505765625 0.30009213125 0.857458334375 0.27500442187499996 0.916081615625 0.26064943125 0.9526525453125 0.306689559375 0.98548349375 0.2768094484375 0.9864458796875001 0.2718584 0.8627141421875001 0.17899750625 0.852037546875 0.1769221859375 0.8272655953125 0.20464079218750003 0.8325186765625 0.22642435781249998 0.81350216875 0.2505707421875
1 0.0967593984375 0.5088316703125 0.13191815625 0.49727520468749997 0.194580746875 0.51383556875 0.2010031625 0.500557540625 0.2037407546875 0.48869972187500005 0.0899855578125 0.450249940625 0.020648196875 0.47827505625000005 0.040140378125 0.5117627890625001 0.0436642421875 0.5125763359375 0.0675758671875 0.4870374125 0.0967593984375 0.5088316703125
1 0.22042148749999999 0.5070919796875 0.2218391828125 0.51277804375 0.23518073125 0.553311196875 0.255760084375 0.6359375 0.256779465625 0.6359375 0.27087930781249997 0.632422015625 0.3145927765625 0.615061546875 0.3081471921875 0.5434223671875 0.33580104843749997 0.5213242359375 0.3284966875 0.49496799375 0.3714083578125 0.4748710046875 0.3658193453125 0.45245469531250004 0.360512940625 0.4369629578125 0.3532168171875 0.4387820859375 0.22042148749999999 0.5070919796875
1 0.44027118906249996 0.5430428125 0.47553175156250005 0.54431719375 0.49004066249999995 0.6014185703125 0.528861171875 0.6117579140625 0.551338734375 0.6069801609375001 0.5410798671875 0.497048046875 0.5346309390624999 0.4667082265625 0.40918574999999996 0.46048254218749995 0.40137525937499996 0.46214271250000005 0.39868970625 0.48003887343749996 0.40290200781249996 0.4998561921875 0.43577911406250003 0.5042688734375 0.44027118906249996 0.5430428125
1 0.8021575750000001 0.5473359765625 0.8031138640625001 0.551834965625 0.8281213890625001 0.5485091828125 0.8521124906249999 0.612865465625 0.8895349265625001 0.6137218828125001 0.8987914531250001 0.611754346875 0.8883077 0.5752595859375 0.9297500281250001 0.5696790578125001 0.9289730328125 0.5393006203125 0.9718669078125 0.5190825203125 0.9650945328124999 0.4872210078125 0.9613357718750001 0.475119690625 0.8023208265624999 0.5199569578125 0.8021575750000001 0.5473359765625
1 0.1926186671875 0.8298318218749999 0.1882588875 0.8921795749999999 0.211564346875 0.8938092515625 0.22280641562499998 0.8608856781249999 0.2867333171875 0.8576304234375 0.2890625 0.8521360453125 0.2890625 0.8370192328125 0.28204597656249997 0.8360851890625 0.1926186671875 0.8298318218749999
1 0.2587338328125 0.821875 0.2791402515625 0.821875 0.2797843765625 0.8145126203125 0.2712880734375 0.7492593624999999 0.21015495781250002 0.7215562046875 0.2043416078125 0.7210476015625 0.20119859375 0.7379348 0.1985630265625 0.768059475 0.21391127499999998 0.7809988875 0.236385171875 0.7898513484375 0.2337745109375 0.8196913421875 0.2587338328125 0.821875
1 0.3995208796875 0.75059495625 0.4153939125 0.7876294703125 0.385479046875 0.8228339265625 0.3854198859375 0.8231382843749999 0.417872359375 0.8455861312499999 0.43400062031250003 0.8487211468750001 0.4593369515625 0.8218148265625 0.48946773906249996 0.8276716578125001 0.5005176828125 0.8098107890625 0.571455803125 0.8231344765624999 0.57861760625 0.78629019375 0.43755887187500003 0.73998034375 0.4251562203125 0.7375695125 0.399646884375 0.7499467156249999 0.3995208796875 0.75059495625