1 0.1179070828125 0.2848127859375 0.13370740781249998 0.34259626718749997 0.1445652046875 0.34335551875000003 0.19013270625 0.33671147343749996 0.192002065625 0.3099784015625 0.17894555 0.23642325937500003 0.180217046875 0.1953924078125 0.0946389921875 0.1861696328125 0.0429096796875 0.1825523671875 0.0331167796875 0.23257327343749998 0.073635709375 0.2413992953125 0.06965407500000001 0.283342721875 0.1179070828125 0.2848127859375
1 0.40219633125 0.20675828125 0.445630859375 0.2292651046875 0.44874722499999997 0.2657010109375 0.47164160937500005 0.2670973828125 0.482954475 0.32502069843750003 0.536597028125 0.3433960046875 0.5425514390624999 0.3427701703125 0.535643640625 0.23428767343749998 0.55172730625 0.2280678203125 0.5502001625 0.213538025 0.54493355625 0.1868491671875 0.502959071875 0.1800014109375 0.42943247968750003 0.1877293671875 0.4014020734375 0.199201421875 0.40219633125 0.20675828125
1 0.6071290796875 0.17617478125 0.5946515921875 0.2223288234375 0.6540306546875 0.2294627640625 0.6498828984375 0.2616164796875 0.695049509375 0.278378925 0.6812393953125 0.34326335937499997 0.7067564359375 0.3473048609375 0.747318471875 0.3500321875 0.7618427578125 0.25832945 0.7699295140625 0.2010902890625 0.765122440625 0.2003289234375 0.6088862500000001 0.17666793125 0.6082523156249999 0.183907034375 0.6071290796875 0.17617478125
1 0.813429625 0.25880433125 0.8101742968750001 0.28531684375 0.8196922078125001 0.305098175 0.8255342578124999 0.3058154890625 0.8643643234375 0.27505115625 0.9236761874999999 0.2557691 0.9645548421875001 0.3009511609375 0.9862005796875 0.2780460765625 0.9887928640625001 0.2569336125 0.8775667453124999 0.1842977546875 0.8464539312499999 0.18047758125 0.8283336625000001 0.20409252968749997 0.83527529375 0.22636400625 0.813429625 0.25880433125
1 0.203125 0.4804590125 0.203125 0.48045485 0.086114990625 0.45208559531250003 0.01989371875 0.4855112859375 0.0429234140625 0.51786715625 0.045001557812499995 0.5181592203125 0.0671473484375 0.4901417859375 0.097968840625 0.5090855046875 0.131780590625 0.4947449453125 0.195305184375 0.5057044828125 0.20206136406250003 0.48802717500000004 0.203125 0.4804590125
1 0.22452008124999998 0.5070041062499999 0.23418257343749999 0.5480655421875 0.2473365 0.63125 0.248444971875 0.63125 0.26260251874999996 0.6290076640625 0.307371640625 0.6156449640625 0.30725501875 0.5445535609375 0.3365530375 0.5251533921875 0.3316283921875 0.49857780625 0.3767966390625 0.48210490000000006 0.3750459140625 0.471051259375 0.3679684421875 0.442525971875 0.223615946875 0.501295625 0.22452008124999998 0.5070041062499999
1 0.538286509375 0.6203125 0.546977084375 0.5564046109375 0.5484375 0.4727375125 0.5484375 0.468800759375 0.47150084375 0.44720211875000004 0.41883194531249995 0.44628277968749996 0.41287579374999994 0.461213090625 0.41268572812500004 0.4721019453125 0.4476625890625 0.48513730468749994 0.4432216609375 0.5244031890625 0.47810474531249997 0.5336962609375 0.47943939843749994 0.5933211140625 0.5309540671875 0.6203125 0.538286509375 0.6203125
1 0.8034256265625 0.5435912953125001 0.8034298765625 0.5436259015625 0.8300830140625 0.54244211875 0.8487602437499999 0.6103226015625001 0.8823450125000001 0.614092725 0.8960020859375 0.6124158468750001 0.8887669453125 0.575188821875 0.9312823171875 0.5732302734375 0.9331620375 0.5421401312499999 0.9745311640625 0.5268122015625 0.968961921875 0.48145436249999995 0.947851775 0.4840463625 0.8064267765625001 0.510958578125 0.8034256265625 0.5435912953125001
1 0.20673686249999998 0.896875 0.2187786296875 0.8964544921875 0.225783275 0.86591058125 0.2850685546875 0.8566430453124999 0.288354784375 0.8459288734375001 0.2880556015625 0.837361421875 0.19388638593750002 0.8347856515625001 0.192384415625 0.8348381015624999 0.190704890625 0.875797646875 0.191440928125 0.896875 0.20673686249999998 0.896875
1 0.284375 0.8063115078124999 0.2678160203125 0.7462701015625 0.20041437968750003 0.7264605921875 0.1976411296875 0.7266059328125001 0.196832571875 0.7448103171875 0.1984151984375 0.775008621875 0.21541489687499998 0.7856860453125 0.2389021046875 0.7913245953125 0.24041533125 0.8201986953124999 0.284375 0.817894865625 0.284375 0.8063115078124999
1 0.40438805 0.8031724234375 0.3913157625 0.8273032859375 0.3916946953125 0.8490124015625 0.41284035937499997 0.8578125 0.437447903125 0.8578125 0.455655321875 0.827952475 0.4870675015625 0.8274041734375001 0.49433071406250007 0.8072442640625 0.573577765625 0.8053611453125 0.5729221359375 0.7678001109375 0.416565959375 0.75095451875 0.403491634375 0.75118273125 0.390625 0.7611568203125 0.390625 0.7837322062500001 0.40438805 0.8031724234375