2 0.253125 0.89296875 0.1421875 0.2109375
2 0.2484375 0.66484375 0.1140625 0.2125
2 0.2484375 0.48828125 0.0828125 0.1015625
2 0.25546875 0.30859375 0.1078125 0.15625
2 0.253125 0.103125 0.0953125 0.1703125
2 0.48515625 0.89140625 0.1640625 0.1921875
2 0.4875 0.709375 0.215625 0.128125
2 0.47265625 0.51875 0.1640625 0.171875
2 0.75234375 0.91875 0.171875 0.134375
2 0.76484375 0.7609375 0.153125 0.09375
2 0.7625 0.5734375 0.1625 0.20625
2 0.7640625 0.33203125 0.14375 0.1953125
2 0.7578125 0.12109375 0.1609375 0.153125