2 0.10703125 0.253125 0.1984375 0.11953125
2 0.33515625 0.2484375 0.209375 0.10546875
2 0.51171875 0.2484375 0.09765625 0.07890625
2 0.69140625 0.25546875 0.1515625 0.10078125
2 0.896875 0.253125 0.16875 0.09140625
2 0.10859375 0.48515625 0.19296875 0.16484375
2 0.290625 0.4875 0.10546875 0.2046875
2 0.48125 0.47265625 0.1578125 0.14765625
2 0.08125 0.75234375 0.11875 0.16171875
2 0.2390625 0.76484375 0.0921875 0.15078125
2 0.4265625 0.7625 0.19375 0.146875
2 0.66796875 0.7640625 0.184375 0.125
2 0.87890625 0.7578125 0.14140625 0.14921875