2 0.253125 0.89296875 0.121875 0.2
2 0.2484375 0.66484375 0.1234375 0.215625
2 0.2484375 0.48828125 0.084375 0.1015625
2 0.25546875 0.30859375 0.1171875 0.1609375
2 0.253125 0.103125 0.10625 0.175
2 0.48515625 0.89140625 0.165625 0.19375
2 0.4875 0.709375 0.2125 0.1203125
2 0.47265625 0.51875 0.1625 0.1703125
2 0.75234375 0.91875 0.1703125 0.13125
2 0.76484375 0.7609375 0.159375 0.1046875
2 0.7625 0.5734375 0.153125 0.1984375
2 0.7640625 0.33203125 0.134375 0.190625
2 0.7578125 0.12109375 0.1609375 0.153125